-0
-0
-0
-0
-0
-0
-0
-0
-0
-0
-0
-0
-0
-0
-0
-0
-0
-0
-0
-0
-0
-0
-0
-0
-0
-0
-0
-0
-0
-0
-0
-0
-0
-0
-0
-0
-0
-0
-0
-0
-0
-0
-0
-0
-0
-0
-0
-0
-0
-0
-0
-0
-0
-0
-0
-0
-0
-0
-0
-0
-0
-0
-0
-0
-0
-0
-0
-0
-0
-0
-0
-0
-0
-0
-0
-0
-0
-0
-0
-0
-0
-0
-0
-0
-0
-0
-0
-0
-0
-0
-0
-0
-0
-0
-0
-0
-0
-0
-0
-0
-0
-0
-0
-0
-0
-0
-0
-0
-0
-0
-0
-0
-0
-0
-0
-0
-0
-0
-0
-0
-0
-0
-0
-0
-0
-0
-0
-0
-0
-0
-0
-0
-0
-0
-0
-0
-0
-0
-0
-0
-0
-0
-0
-0
-0.0037766
0.0350436
-0.264075
-0.255069
-0.237475
-0.135645
-0.0471371
-0.0626544
-0.148748
-0.0588515
-0.000167188
-0.0380357
-0.0364384
-0.332338
-0.212776
-0.0282822
-0.0375926
-0.15947
0.511468
0.202097
-0.129649
0.0111509
0.105211
-0.468033
-0.0785617
0.273678
0.440653
0.0564646
-0
-0.0596703
-0.110744
0.105211
-0.468033
-0.0471371
-0.00863977
0.187619
-0
-0
-0
-0
-0.0179716
-0
-0
-0
-0
-0.282314
-0.00325125
-0.0568938
-0.639908
-0.673084
-0
-0
-0
-0.109474
-0
-0
-0
-0
-0.127313
-0
-0
-0
-0
-0.113205
-0.0053493
-0.094823
-0.673084
-0.673084
-0.0259769
-0
-0
-0.0122085
-0
-0
-0
-0
-0.602167
-0.507078
-0.237711
-0
-0
-0
-0
-0
-0
-0
-0
-0
-0
-0
-0
-0
-0
-0
-0.722524
-0.722524
-0.426298
-0
-0
-0
-0
-0
-0
-0
-0
-0
-0
-0
-0.0765475
-0
-0.242807
-0.235428
-0.180289
-0.0404473
-0.029425
-0.0385508
-0.183992
-0.12683
-0
-0.145684
-0.141257
-0.412969
-0.230269
-0.0490417
-0.0642514
-0.305905
-0.0193002
-0
-0.336044
-0.469771
-0.469771
-0.211578
-0.0490417
-0.0642514
-0.0817998
-0.032167
-0
-0.201626
-0.448959
-0.469771
-0.469771
-0.0817362
-0.107086
-0.136333
1.63792e-005
-0
0.0182968
0.235392
-0.0753638
0.503237
0.0196123
-0
1.63792e-005
-0
-0
-0
0.00163671
-0.0982888
0.257849
0.00280175
-0
-0
0.000193455
-0
-0
0.0976188
-0.0753638
0.166463
-0
-0
0.000193455
-0
-0
-0
0.0110172
-0.0753638
0.0898874
-0
-0
-0
-0
-0
-0
-0
-0.117278
-0
-0
-0
-0
-0
-0
-0
-0.000350541
-0.964711
-0
-0
-0
-0
-0
-0
-0
-0
-0.153699
-0
-0
-0
-0
-0
-0
-0
-0
-0.964711
-0
-0
-0
-0
-0
-0
-0
-0.000388182
-0.974315
-0
-0
-0
-0
-0
-0
-0
-0
-0
-0
-0
-0
-0
-0
-0
-0
-0
-0.974315
-0
-0
-0
-0
-0
-0
-0
-0
-0
-0
-0
-0
-0
-0
-0
-0
-5.8128e-005
-0.689656
-0.000290629
-0
-0
-0
-0
-0
-0
-0.000406896
-0.689656
-0.000174377
-0
-0
-0
-0
-0
-0
-0
-0.689656
-0.00117121
-0
-0
-0
-0
-0
-0
-0
-0.689656
-0.00120835
-0
-0
-0
0.0231513
-0
0.00304643
0.457091
-0.232529
0.0312758
3.39281e-005
0.0105848
0.00447768
0.0947163
6.78426e-005
0.00116244
0.273665
-0.232529
0.0252914
5.65468e-005
0.0202257
0.061305
0.307688
0.0788319
0.279934
0.457091
-0.232529
0.177423
5.65468e-005
0.0170923
0.0697378
0.457091
0.12852
0.0955419
0.235271
-0.492293
0.105117
9.42446e-005
0.0288563
0.457091
0.179765
0.00336727
-0
-0
-0.117273
0.000332176
0.000162395
0.00272703
0.162987
0.133458
0.00969416
-0
-0
-0.94541
0.00392333
0.00628454
0.029518
0.191445
0.553351
0.000481038
-0
-0
-0.153693
0.00867001
0.0160009
0.0834681
0.553351
0.553351
0.00138488
-0
-0
-0.936422
0.446762
0.225716
0.553351
0.553351
0.164488
0.00758147
0.000973724
0.00169782
-0.972552
-0
-0
0.00727257
0.145552
0.214912
-0
-0
-0
-0
-0
-0
0.00273326
0.21692
0.652388
0.221012
0.053759
0.085008
-0.972057
-0
-0
0.00103894
0.652388
0.652388
-0
-0
-0
-0
-0
-0
0.000390465
0.652388
0.168175
0.00725997
-0
-0
-0.682422
0.000816671
0.00460222
0.0112285
0.198048
0.0674547
0.00561756
-0
-0
-0.655369
0.0016709
0.0198787
0.0184938
0.137991
0.509335
0.00103714
-0
-0
-0.67182
0.14855
0.0996003
0.341143
0.509335
0.498162
0.000802509
-0
-0
-0.488333
0.509335
0.277854
0.509335
0.509335
0.00556898
0.128045
0.429417
0.4251
-0.260227
0.172963
0.134801
0.174099
0.0963377
0.0328978
0.0215966
0.14471
0.289869
-0.260227
0.0754193
0.00357063
0.00693737
0.0323402
0.0279203
0.0602375
0.429417
0.429015
-0.260227
0.428879
0.194798
0.0830263
0.023248
0.0526682
0.0233672
0.104168
0.143262
-0.356894
0.0976474
0.0194818
0.024602
0.0563692
0.0770478
0.0149456
0.0158543
0.0310417
-0.084817
0.0156108
0.0113801
0.00211125
0.0747473
0.15787
0.0308412
0.0981492
0.09679
-0.30155
0.663163
0.0278008
0.00341981
0.0601084
0.0836608
0.00202261
0.0122718
0.056867
-0.137344
0.0227383
0.00562111
0.014954
0.0758271
0.130999
0.0144779
0.0213881
0.279352
-0.30155
0.630243
0.0160257
0.0392994
0.0883264
0.203373
0.0493851
0.0788151
0.509994
-0.464322
0.116168
0.0561747
0.167307
0.16663
0.391104
0.0168704
0.00603178
0.00497505
0.0171202
0.0195424
0.0266248
0.0388598
0.45932
0.200212
0.0764962
0.0135996
0.326265
-0.464322
0.166809
0.0534896
0.206823
0.213865
0.428499
0.0260954
0.000861683
0.000710722
0.115535
0.0409039
0.0515434
0.076458
0.394359
0.0172182
0.00642103
0.00333814
0.0793247
-0.499581
0.115336
0.0168383
0.000382977
0.0139617
0.00221845
0.00327059
0.0148124
0.377982
-0.0869186
0.60124
0.039368
0.000229786
0.00101896
0.0138915
0.00299582
0.0289357
0.291496
-0.370063
0.049719
0.00175223
0.00206333
0.0224122
0.000993647
0.000427974
0.178826
0.594373
-0.0869186
0.122336
0.00105134
0.001238
0.00501514
0.561995
-0
0.000398538
-0.00924607
-0.628866
0.154212
0.100904
0.3704
0.561995
0.561995
-0
0.000239123
-0.00382469
-0.688333
-0.00139166
0.00573059
0.0521162
0.561995
0.224044
-0
0.00278977
-0.0326867
-0.679057
-0.0361741
0.00868428
0.0298083
0.283201
0.40936
-0
0.00167386
-0.0136799
-0.684683
-0.0152033
-0
0.00599071
0.399283
0.564252
-0
-0
-0
-0.116036
0.00081312
0.000397521
-0
0.564252
0.564252
0.409861
0.0859045
0.0292129
-0.962951
0.000487872
0.000238512
-0
0.564252
0.299879
0.00482469
-0
-0
-0.142939
0.00569184
0.00278265
-0
0.304764
0.385246
0.0357716
-0
-0.00304163
-0.949512
0.0034151
0.00166959
-0
0.344771
0.598885
-0
0.000386782
0.000791156
-0.972997
0.0046675
0.0133131
0.0630474
0.598885
0.598885
-0
0.000232069
0.000474693
0.00161983
-0
0.000632738
0.00021145
0.598885
0.274632
0.00319165
0.00270747
0.00553809
-0.962727
-0
0.0026575
0.010607
0.297541
0.380107
0.00531941
0.00162448
0.00332285
0.0116872
-0
0.00442916
0.00429677
0.382648
0.470894
0.330242
0.22868
0.0688851
-0.602612
-0.000360087
0.00050913
-0
0.470894
0.470894
0.470894
0.381133
0.220733
-0.218422
-0.00455453
0.000305478
-0
0.335603
0.372189
0.0435428
0.00622703
-0.00620861
-0.671998
1.18941e-005
0.00356391
-0
0.319741
0.205444
0.0659801
0.0103784
-0.0383503
-0.614931
-0.0072092
0.00213835
-0
0.123071
-0.135258
-0.13413
-0.121082
-0.176847
-0.246492
-0.355
-0.279146
-0.0963918
-0.152815
-0.355
-0.355
-0.271734
-0.32166
-0.218978
-0.122953
-0.0987961
-0.129123
-0.355
-0.0216961
-0.0764583
-0.163295
-0.295573
-0.355
-0.228645
-0.228709
-0.0532899
-0.0836898
-0.107878
-0.215959
-0.33659
-0.355
-0.355
-0.182264
-0.137544
-0.054197
-0.207787
-0.429604
-0.0117269
-0
-0
-0.00339099
-0.00100299
-0.000165858
-0.0338445
-0.429604
-0.429604
-0.189683
-0.105544
-0.203485
-0.23177
-0.134582
-0.147634
-0.268059
-0.429604
-0.389343
-0.000148119
-0
-0.000599826
-0.00534542
-0.00702095
-0.00116101
-0.0198835
-0.363325
-0.362832
-0.0918204
-0.114423
-0.144644
-0.429604
-0.150346
-0.263144
-0.211176
-0.365228
-0.498559
-0.110056
-0.165506
-0.165023
-0.0555473
-0.0637703
-0
-0.0220796
-0.498559
-0.498559
-0
-0.000258927
-0.000364933
-0
-0
-0
-0.00315423
-0.498559
-0.352118
-0.0660336
-0.163851
-0.282144
-0.122248
-0.0546242
-0.0032976
-0.0379014
-0.291835
-0.498559
-0
-0.00181249
-0.00255453
-0.00121968
-0
-0.00118769
-0.00565396
-0.498559
-0.352463
-0.161616
-0.0999139
-0.245336
-0.170843
-0.382005
-0.322335
-0.182056
-0.247205
-0.230465
-0.250229
-0.10206
-0.382005
-0.382005
-0.235843
-0.136878
-0.0469895
-0.00738958
-0.147135
-0.118073
-0.0622824
-0.260056
-0.382005
-0.382005
-0.142128
-0.0883755
-0.0704252
-0.156384
-0.164533
-0.0424509
-0.19583
-0.382005
-0.382005
-0.0513633
-0.0156048
-0.00105565
-0.0437362
-0
-0
-0
-0.251695
-0.196389
-0.510659
-0.0953398
-0.12229
-0.510659
-0.00183835
-0.00550102
-0
-0.197329
-0.33391
-0.510659
-0.510659
-0.510659
-0.028329
-0
-0
-0
-0.0154574
-0.007103
-0.0375583
-0.0107681
-0.0395511
-0.3598
-0
-0
-0
-0.0316022
-0.0118383
-0.0625972
-0.0753769
-0.422363
-0.589033
-0
-0
-0
-0.000572216
-0
-0.000794485
-0.000438439
-0.589033
-0.589033
-0.191715
-0.0878665
-0.0106889
-0.0376915
-0
-0.0055614
-0.00306907
-0.589033
-0.302907
-0
-0
-0
-0.0013586
-0
-0
-0
-0.303901
-0.403581
-0.0110129
-0.00494254
-0
-0.0140985
-0
-0
-0
-0.350246
-0.598086
-0.00208774
-0.00155662
-0.00304959
-0.00494027
-0.00122675
-0.0217486
-0.0248921
-0.598086
-0.598086
-0.000637494
-0.000138728
-0.000283766
-0
-0
-0
-0
-0.598086
-0.283226
-0.010796
-0.00400693
-0.00508264
-0.00145777
-0
-0.00267272
-0.00310729
-0.29373
-0.391099
-0.0038663
-0.000231214
-0.000472943
-0
-0
-0.000283443
-9.47215e-005
-0.390079
-0.471516
-0.471516
-0.471516
-0.471516
-0.471516
-0
-0.00567293
-0.000628779
-0.471516
-0.0640806
-0.125942
-0.120232
-0.346579
-0.437936
-0
-0
-0
-0.028287
-0.350292
-0.126983
-0.00786279
-0.00971105
-0.0787369
-0
-0
-0
-0.275712
-0.023129
-0.0179917
-0.000678224
-0.00138729
-0.0447322
-0
-0
-0
-0.0180156
0
